,0,1,2,3,4,5,6,7,8,9,10
0,0.2834008097165991,0.7243150684931509,0.09090909090909091,0.567422579858571,1.0,0.279826464208243,0.22259591621023178,0.0,0.4068131000920689,0.2919121585431173,0.7315332771693346
1,0.7631578947368421,0.4366438356164385,0.09090909090909091,0.6278956352109242,1.0,0.17353579175704992,0.05390276904492547,0.0,0.07141917664079969,0.11087305838243171,0.662485256950295
2,0.34615384615384615,0.5907534246575342,0.18181818181818182,0.32268552385597016,1.0,0.04078091106290674,0.006692281285795684,0.0010910099889012207,0.4541628304616598,0.2201392608462775,0.9332687447346253
3,0.3765182186234818,0.2808219178082193,0.18181818181818182,0.5728684060798179,1.0,0.21475054229934926,0.02500079627884151,0.0,0.11745363672234643,0.07873594001071238,0.7045492839090144
4,0.8340080971659921,0.6044520547945206,0.6363636363636364,0.6556937332357962,1.0,0.46637744034707157,0.10970127156883447,0.0,0.0,0.6164970540974826,0.6213900589721988
5,0.9898785425101216,0.29109589041095896,0.18181818181818182,0.6352922051532147,1.0,0.058134490238611725,0.0027049887164338976,2.4306326304106548e-06,0.08417729843482835,0.6079271558650241,0.3679191238416176
6,0.6761133603238868,0.9383561643835617,0.8181818181818182,0.5228805982280745,1.0,0.5878524945770066,0.0266523375797606,1.4428412874583796e-06,0.36998553202683143,0.8628816282806642,0.7557540016849202
7,0.291497975708502,0.5273972602739726,0.18181818181818182,0.6452084857351865,1.0,0.17787418655097614,0.017686827660485575,0.0,0.2489806655267657,0.18264595607927153,0.25059814658803714
8,0.37246963562753044,0.5633561643835617,0.7272727272727273,0.5627082825327157,1.0,0.01626898047722343,0.0008175129439549462,1.9866814650388457e-06,0.10956201499408127,0.4108194965184789,0.6789637742207246
9,0.2165991902834009,0.988013698630137,0.6363636363636364,0.7359180687637161,0.0,0.009327548806941435,0.004155985716527092,7.846836847946726e-06,0.448901749309483,0.2844134975897161,0.5621651221566977
10,0.8987854251012147,0.14383561643835607,0.09090909090909091,0.4654149394456637,1.0,0.1032537960954447,0.01226033481460859,0.0,0.14638958305931865,0.1880021424745581,0.3348778433024433
11,0.5384615384615384,0.8424657534246577,0.8181818181818182,0.8041128180118671,1.0,0.15401301518438182,0.06593542709447878,0.06659267480577136,0.162172826515849,0.4547402249598287,1.0000000000000002
12,0.4433198380566804,0.9623287671232877,1.0,0.6159473299195318,1.0,0.04078091106290674,0.0266523375797606,0.09134295227524972,0.4844140470866763,0.5618639528655597,0.7473294018534122
13,0.3178137651821863,0.6318493150684933,0.5454545454545454,0.7462407542875722,1.0,0.0,0.002669598545699917,0.0,0.03722214915165067,0.2576325656132834,0.5530918281381636
14,0.3643724696356275,0.7465753424657534,0.18181818181818182,0.7585954645208486,0.0,0.03687635574837311,0.10675209067433612,0.07891231964483907,0.11745363672234643,0.356186395286556,0.6457287278854256
15,0.45546558704453466,0.7482876712328766,0.0,0.5884743558481671,1.0,0.0019522776572668127,0.02464689457150171,1.3429522752497224e-05,0.6751282388530843,0.648634172469202,0.4779949452401012
16,0.3684210526315791,0.583904109589041,0.18181818181818182,0.6691050963179712,1.0,0.0542299349240781,0.0536668345733656,0.0,0.46600026305405756,0.1098018211033744,0.713546756529065
17,0.7955465587044536,0.40068493150684936,0.09090909090909091,0.4860603104933756,0.0,0.1308026030368764,0.14001885116427762,0.0,0.3357885045376824,0.194429566148902,0.5786857624262849
18,0.7226720647773283,0.43150684931506855,0.4545454545454546,0.576851174510282,0.0,0.5292841648590023,0.1125324852275529,0.0,0.12797579902669998,0.5232994108194965,0.7053074978938503
19,0.459514170040486,0.6592465753424658,0.09090909090909091,0.6519548077704624,1.0,0.009761388286334063,0.10144356506423906,0.8146503884572697,0.08956990661580955,0.4986609534011784,0.5780286436394273
20,0.2995951417004049,0.8938356164383562,0.6363636363636364,0.7577826546370804,1.0,0.0017353579175705125,0.001124227756982776,0.00019311875693673694,0.11876890701039061,0.20299946438136052,0.5613563605728729
21,0.8502024291497977,0.8236301369863014,0.09090909090909091,0.5471023327643665,0.0,0.003253796095444697,0.0010062605212028412,0.0026415094339622643,0.17664079968433513,0.7364756293519015,0.5452064026958721
22,0.1518218623481783,0.488013698630137,0.0,0.6515484028285784,1.0,0.3145336225596529,0.0,2.6748057713651496e-06,0.08325660923319742,0.3508302088912694,0.8812973883740522
23,0.7165991902834011,0.6113013698630138,0.9090909090909092,0.606925140209705,0.0,0.6767895878524948,0.17069033246706058,0.0,0.34499539655399175,0.8468130690948045,0.881920808761584
24,0.6336032388663969,0.7568493150684931,0.6363636363636364,0.3208160611233034,1.0,0.38177874186550975,0.24618936336621866,0.927857935627081,0.0374852032092595,0.1590787359400107,0.11551811288963776
25,0.39676113360323895,0.9554794520547946,0.9090909090909092,0.5911566284646022,1.0,0.026247288503253807,0.00189101478955235,0.14095449500554938,0.15691174536367222,0.4140332083556508,0.831642796967144
26,0.7692307692307693,0.5856164383561643,0.7272727272727273,0.7325855482402666,1.0,0.4164859002169198,0.005689559781666241,0.0,0.12402998816256738,0.4365291912158544,0.7893597304128057
27,0.8947368421052634,0.339041095890411,0.9090909090909092,0.4909371697959848,0.0,0.05618221258134491,0.12232376579728746,0.0,1.0,0.6464916979110873,0.4689132266217356
28,0.862348178137652,0.06849315068493145,0.8181818181818182,0.3614565553117127,1.0,0.38177874186550975,0.17540902189825797,5.60488346281909e-05,0.11087728528212548,0.3154793786823782,0.32599831508003385
29,0.04251012145748978,0.4571917808219178,1.0,0.4376981224091686,0.0,0.6507592190889372,0.03573581473481555,0.0,0.4541628304616598,0.22121049812533478,0.865088458298231
30,0.39676113360323895,0.559931506849315,0.4545454545454546,0.6119645614890676,0.0,0.4837310195227766,0.11677930571563054,0.0003229744728079911,0.1266605287386558,0.1590787359400107,0.3821482729570346
31,0.1842105263157895,0.6934931506849317,0.0,0.7406323660895717,0.0,0.015401301518438187,0.22495526092583046,0.0031187569367369587,0.4015520189398921,0.3990358864488484,0.21662173546756536
32,0.28137651821862353,0.4332191780821918,0.6363636363636364,0.0,0.0,0.15010845986984817,0.5021782650086765,1.0,0.121399447586479,0.11622924477771825,0.9579022746419548
33,0.47165991902834026,0.7363013698630138,0.0,0.6913760871332195,1.0,0.1036876355748373,0.012850170993508263,0.0,0.28712350388004726,0.9078735940010713,0.544574557708509
34,0.6093117408906884,0.8082191780821918,0.4545454545454546,0.6434203039908966,0.0,0.04837310195227766,0.016625122538466167,8.290788013318533e-06,0.4133894515322898,0.6207820032137118,0.5618618365627632
35,0.8562753036437248,0.2191780821917808,0.18181818181818182,0.593432496139153,0.0,0.08806941431670283,0.25326739751301475,0.0,0.14902012363540704,0.2319228709159079,0.4943976411120472
36,0.7914979757085022,0.7003424657534248,0.09090909090909091,0.629358693001707,1.0,0.2364425162689805,0.06829477181007747,6.182019977802441e-06,0.1805866105484677,0.4108194965184789,0.5111541701769167
37,0.9635627530364376,0.08047945205479445,1.0,0.49036820287734706,1.0,0.3731019522776573,0.020046172376084265,0.000318534961154273,0.11482309614625805,0.20192822710230318,0.7048609941027804
38,0.3522267206477733,0.9914383561643837,0.09090909090909091,0.7038120783548729,1.0,0.040130151843817796,0.04658880042656953,5.1831298557158704e-05,0.3213205313691963,0.3861810391001607,0.7390480202190397
39,0.5222672064777328,1.0,0.9090909090909092,0.9926847110460864,1.0,0.17787418655097614,0.006090648383318018,7.83573806881243e-05,0.12929106931474418,0.5672201392608462,0.4941449031171019
40,0.8178137651821863,0.4332191780821918,0.09090909090909091,0.6841420791676827,0.0,0.1418655097613883,0.13058147230188288,2.352941176470588e-05,0.1043009338419045,0.43545795393679704,0.6375737152485259
41,0.6234817813765184,0.6472602739726029,0.6363636363636364,0.7129968300414533,1.0,0.009327548806941435,0.008792098082678518,7.746947835738068e-05,0.12929106931474418,0.4322442420996251,0.5786857624262849
42,0.4372469635627533,0.8698630136986302,0.09090909090909091,0.6546370803868975,1.0,0.06073752711496748,0.0399826352228932,3.562708102108768e-05,0.4133894515322898,0.39046598821639,0.33618365627632696
43,0.925101214574899,0.3167808219178081,0.5454545454545454,0.43054539543200854,1.0,0.559652928416486,0.44791333654990667,0.0,0.49099039852689724,1.0,0.6632603201347937
44,0.2732793522267206,0.5924657534246575,0.0,0.598390636430139,0.0,0.10195227765726682,0.03373037172655667,0.0003318534961154273,0.38971458634749434,0.3401178361006963,0.6629570345408593
45,0.5971659919028341,0.20034246575342463,1.0,0.482321385028042,0.0,0.03427331887201736,0.08834920189266633,0.0,0.6106799947389188,0.23513658275307986,0.6629738837405224
46,0.32793522267206476,0.7756849315068494,0.4545454545454546,0.6460212956189548,0.0,0.0997830802603037,0.06558152538713898,0.0024084350721420645,0.5094041825595159,0.7236207820032137,0.410429654591407
47,0.9473684210526317,0.49657534246575363,0.8181818181818182,0.5454767129968301,1.0,0.2516268980477223,0.44437431947650863,0.0030965593784683682,0.502827831119295,0.5800749866095339,0.6124768323504635
48,0.8684210526315791,0.4606164383561645,0.7272727272727273,0.5672600178818175,1.0,0.5965292841648591,0.07077208376145609,0.0,0.12929106931474418,0.2629887520085699,0.5364869418702614
49,0.576923076923077,0.339041095890411,0.9090909090909092,0.6216369991059092,0.0,0.03731019522776573,0.02853981335223955,0.0002796892341842397,0.36603972116269884,0.43438671665773976,0.5283487784330245
50,0.6558704453441296,0.6575342465753425,0.7272727272727273,0.7841989758595465,0.0,0.05553145336225597,0.10922940262571473,0.0006126526082130965,0.0770748388793897,0.6668452062131762,0.5279780960404381
51,0.6437246963562754,0.41609589041095896,0.9090909090909092,0.6213931561407787,1.0,0.028416485900216934,0.07608060937155314,0.0,0.13060633960278836,0.4226031065881093,0.5100505475989892
52,0.9271255060728748,0.041095890410958846,0.6363636363636364,0.37820043891733723,1.0,0.20173535791757052,0.01910243448984479,0.013984461709211986,0.09772458240168352,0.41189073379753616,0.7891491154170178
53,0.36234817813765197,0.9297945205479453,0.09090909090909091,1.0,1.0,0.4295010845986985,0.25208772515521544,0.0044173140954495,0.03787978429567276,0.5650776647027316,0.22094355518112907
54,0.20445344129554666,0.8493150684931509,0.09090909090909091,0.6748760464927254,0.0,0.3969631236442516,0.07572670766421334,9.078801331853495e-05,0.41996580297251074,0.40867702196036426,0.5104886267902276
55,0.5728744939271256,0.660958904109589,1.0,0.585385678289848,0.0,0.49240780911062915,0.030545256360498436,0.0,0.27397080099960536,0.4172469201928227,0.6457287278854256
56,0.4574898785425102,0.8441780821917809,0.0,0.6684548484109567,1.0,0.05488069414316704,0.005524405651574331,0.028079911209766925,0.7159016177824542,0.0712372790573112,0.949882055602359
57,0.22874493927125494,0.7568493150684931,0.8181818181818182,0.5141022514833781,0.0,0.01062906724511932,0.010007160611211841,0.011653718091009988,0.6567144548204655,0.03652919121585431,0.5453159224936817
58,0.2165991902834009,0.9246575342465756,0.5454545454545454,0.562058034625701,0.0,0.015401301518438187,0.1022693357146986,0.9922308546059933,0.3976062080757595,0.15372254954472414,0.5448778433024433
59,0.5708502024291499,0.541095890410959,0.2727272727272727,0.4322522961879217,0.0,0.06832971800433842,0.023585189449482298,0.0,0.026831513876101533,0.9164434922335297,0.7471272114574559
60,0.7834008097165993,0.3510273972602739,0.09090909090909091,0.39673250426725193,1.0,0.017136659436008686,0.49274088614628175,0.0,0.12402998816256738,0.824317086234601,0.5358550968828981
61,0.5890688259109312,0.47089041095890416,0.09090909090909091,0.6235064618385759,1.0,0.8524945770065077,0.0916522844945045,0.0,0.24108904379850057,0.693626138189609,0.891541701769166
62,0.33805668016194346,0.6797945205479453,0.5454545454545454,0.6687799723644641,1.0,0.17353579175704992,0.01910243448984479,6.570477247502774e-06,0.02827831119295015,0.7932512051419389,0.527792754844145
63,0.06477732793522262,0.2688356164383562,1.0,0.39039258717386005,1.0,0.007809110629067251,0.07655247831467288,0.005260821309655938,0.045376824937524644,0.0,0.7487447346251055
64,0.6072874493927126,0.642123287671233,0.6363636363636364,0.6583760058522312,0.0,0.029284164859002176,0.035145978555915884,2.4750277469478355e-05,0.07944232539786925,0.45581146223888597,0.4771861836562764
65,0.5931174089068826,0.042808219178082085,0.18181818181818182,0.12435991221653264,0.0,0.9934924078091107,0.9999999999999999,0.0,0.1845324214126003,0.4740224959828602,0.713892165122157
66,0.6336032388663969,0.8116438356164385,0.4545454545454546,0.590343818580834,0.0,0.06637744034707159,0.1647919706780639,0.010210876803551608,0.2923845850322241,0.5040171397964649,0.5621566975568661
67,0.7024291497975711,0.36472602739726023,0.7272727272727273,0.41884093310574666,0.0,0.48806941431670287,0.09129838278716469,3.5849056603773584e-05,0.15165066421149542,0.7514729512587038,0.8311541701769167
68,0.5728744939271256,0.8750000000000001,0.5454545454545454,0.7752580671380964,0.0,0.05553145336225597,0.038449061157754046,0.0,0.20557674602130735,0.34226031065881096,0.5449115417017694
69,0.3097165991902834,0.6489726027397261,0.4545454545454546,0.5411688206128586,0.0,0.037744034707158355,0.13883917880647828,0.0,0.121399447586479,0.6679164434922336,0.5281128896377423
70,0.7469635627530365,0.0,0.09090909090909091,0.15118263838088264,1.0,1.0,0.02169771367700335,0.0,0.07615414967775877,0.5018746652383503,0.7856613310867735
71,0.08299595141700411,0.5188356164383562,0.9090909090909092,0.6289522880598228,0.0,0.03188720173535792,0.08752343124220678,0.003662597114317425,0.07681178482178086,0.27905731119442956,0.5201347935973042
72,0.6437246963562754,0.8407534246575342,0.18181818181818182,0.6914573681215964,1.0,0.6355748373101954,0.035853781970595494,2.0865704772475026e-06,0.2897540444561357,0.2844134975897161,0.0
73,0.4898785425101214,0.6934931506849317,0.7272727272727273,0.5684792327074698,1.0,0.1453362255965293,0.08020946262385086,4.195338512763595e-06,0.1976851242930422,0.7064809855382966,0.4944566133108679
74,0.0,0.9297945205479453,1.0,0.7025928635292205,1.0,0.004555314533622554,0.28039986174239967,0.0006914539400665926,0.34104958568985916,0.45366898768077135,0.6456107834877844
75,0.5971659919028341,0.464041095890411,0.4545454545454546,0.5127204746809721,1.0,0.297180043383948,0.18956509019185014,0.0,0.2844929633039589,0.1569362613818961,0.28388374052232523
76,0.6457489878542512,0.863013698630137,0.09090909090909091,0.7311224904494839,0.0,0.03969631236442518,0.19546345198084686,3.4406215316315202e-06,0.5251874260160463,0.8607391537225495,0.578736310025274
77,0.6032388663967613,0.6558219178082193,0.5454545454545454,0.5508412582297001,1.0,0.002386117136659441,0.003660523326251367,1.9200887902330743e-05,0.07996843351308694,0.5232994108194965,0.5451474304970514
78,0.5242914979757086,0.5393835616438355,0.7272727272727273,0.5655531171259043,1.0,0.3557483731019523,0.35118020321036036,0.0,0.3831382349072734,0.5757900374933047,0.5202106149957879
79,0.9412955465587046,0.41267123287671226,0.09090909090909091,0.6142404291636187,1.0,0.7505422993492409,0.02629843587242079,0.0,0.15296593449953963,0.3947509373326192,0.621221566975569
80,0.8987854251012147,0.5154109589041095,0.8181818181818182,0.6205803462570105,1.0,0.3058568329718005,0.19428377962304752,0.0,0.08680783901091674,0.7857525441885378,0.730016849199663
81,0.4696356275303645,0.9246575342465756,0.7272727272727273,0.1907664797203934,1.0,0.049240780911062904,0.036915487092614906,0.8068812430632629,0.03669604103643299,0.6347080878414568,0.5364363942712722
82,1.0,0.21232876712328763,0.5454545454545454,0.567910265788832,0.0,0.2516268980477223,0.03137102701095798,9.51165371809101e-06,0.02722609496251479,0.6004284949116229,0.3680960404380793
83,0.6801619433198381,0.6438356164383562,0.36363636363636365,0.6536617085263757,0.0,0.09479392624728851,0.09825844969818082,0.09667036625971143,0.13455215046692096,0.46545259775040176,0.5200926705981468
84,0.31983805668016185,0.8116438356164385,0.7272727272727273,0.7985044298138666,1.0,0.015184381778741873,0.04800440725592874,0.0,0.08023148757069576,0.3379753615425817,0.5268576242628475
85,0.7813765182186235,0.47773972602739734,0.7272727272727273,0.4552548158985613,1.0,0.11778741865509763,0.051425457093546845,1.4872364039955605e-05,0.19636985400499798,0.2715586502410284,0.4948020219039597
86,0.6558704453441296,0.5256849315068494,0.36363636363636365,0.47646915386491107,0.0,0.1329718004338395,0.20608050320104093,0.0,0.1582270156517164,0.46438136047134443,0.7471356360572874
87,0.6052631578947371,0.7688356164383562,0.4545454545454546,0.6546370803868975,0.0,0.5379609544468548,0.07714231449357255,0.0,0.1595422859397606,0.5897161221210497,0.7635888795282226
88,0.5141700404858299,0.892123287671233,0.4545454545454546,0.546858489799236,0.0,0.038177874186551,0.037859224978854376,0.5849056603773585,0.06615809548862292,0.3347616497054098,0.5618028643639428
89,0.7368421052631579,0.8510273972602741,0.09090909090909091,0.6943834837031618,1.0,0.04295010845986985,0.04128027481647247,0.0072697003329633735,0.06418519005655662,0.5286555972147831,0.5284751474304972
90,0.4999999999999999,0.809931506849315,0.8181818181818182,0.5866861741038771,1.0,0.10433839479392627,0.16361229832026455,2.8634850166481686e-05,0.3976062080757595,0.4151044456347081,0.6635299073294021
91,0.3421052631578948,0.5804794520547946,1.0,0.5817280338128912,0.0,0.056832971800433854,0.21669755442123506,2.2419533851276357e-05,0.3673549914507431,0.38725227637921805,0.5447683235046337
92,0.9534412955465589,0.2962328767123289,0.2727272727272727,0.3293505649028692,1.0,0.31670281995661603,0.07737824896513243,0.030077691453940063,0.1608575562278048,0.7311194429566149,0.5621145745577085
93,0.49595141700404854,0.6284246575342466,0.6363636363636364,0.5059741526456962,0.0,0.19956616052060738,0.003176857659553636,0.005671476137624861,0.2818624227278705,0.1001606855918586,0.6130665543386691
94,0.47773279352226716,0.933219178082192,0.4545454545454546,0.7825733560920101,0.0,0.11540130151843818,0.02936558400269909,2.785793562708102e-05,0.6093647244508746,0.5190144617032673,0.4943218197135637
95,0.8441295546558706,0.6455479452054794,0.0,0.6604080305616516,1.0,0.18655097613882865,0.00839100948102674,0.00021753607103218645,0.08628173089569904,0.597214783074451,0.5625610783487784
96,0.696356275303644,0.5291095890410958,0.0,0.45419816304966265,1.0,0.12819956616052064,0.023467222213702364,0.0,0.3015914770485334,0.7568291376539904,0.24195450716090994
97,0.520242914979757,0.38184931506849307,0.09090909090909091,0.5912379094529789,1.0,0.6485900216919741,0.0064209566435018345,0.0,0.26476390898329605,0.11301553294054632,0.6135551811288964
98,0.7732793522267206,0.7499999999999999,1.0,0.8182557099894334,0.0,0.0349240780911063,0.25090805279741607,6.692563817980022e-06,0.06799947389188477,0.5790037493304766,0.342999157540017
99,0.3684210526315791,0.8356164383561645,0.6363636363636364,0.757051125741689,1.0,0.05531453362255967,0.0015725032529465268,0.0,0.11482309614625805,0.8146759507230852,0.5027127211457456
